ALA.A : 111.723 1.86965
ALA.B : 109.843 2.49872
ALA.E : 111.124 3.53182
ALA.G : 112.783 2.72268
ALA.O : 109.145 2.70129
ARG.A : 111.881 1.99442
ARG.B : 109.553 2.53101
ARG.E : 109.919 3.29902
ARG.G : 112.646 2.43037
ARG.O : 110.846 4.01485
ASN.A : 112.776 2.19619
ASN.B : 109.414 2.64365
ASN.E : 110.998 2.87958
ASN.G : 113.054 2.29775
ASN.O : 109.305 4.97362
ASP.A : 112.258 2.07983
ASP.B : 109.17 2.619
ASP.E : 110.168 3.64733
ASP.G : 112.824 2.2772
ASP.O : 111.484 5.12473
CYS.A : 112.244 2.17174
CYS.B : 109.861 2.57746
CYS.E : 110.65 2.6764
CYS.G : 113.372 2.57735
CYS.O : 108.377 2.0759
GLN.A : 111.878 1.91233
GLN.B : 109.602 2.52265
GLN.E : 111.304 4.14387
GLN.G : 112.639 2.1296
GLN.O : 112.215 7.10523
GLU.A : 111.906 1.9325
GLU.B : 109.555 2.52032
GLU.E : 110.367 4.46626
GLU.G : 112.701 2.58303
GLU.O : 110.146 4.34902
GLY.A : 113.308 2.49938
GLY.B : 111.5 2.66814
GLY.E : 112.101 2.6927
GLY.G : 114.91 2.3257
GLY.O : 111.972 5.41133
HIS.A : 112.394 2.31287
HIS.B : 109.576 2.61569
HIS.E : 110.14 3.32504
HIS.G : 112.813 2.25825
HIS.O : 109.889 3.73902
ILE.A : 111.151 1.97326
ILE.B : 108.572 2.48543
ILE.E : 111.27 6.16875
ILE.G : 112.739 2.0788
ILE.O : 108.535 3.21944
LEU.A : 111.851 1.95101
LEU.B : 109.435 2.61647
LEU.E : 110.739 2.55419
LEU.G : 112.653 2.34686
LEU.O : 108.614 4.01717
LYS.A : 111.909 1.9707
LYS.B : 109.572 2.45505
LYS.E : 110.949 3.38353
LYS.G : 112.7 2.16748
LYS.O : 109.725 6.59692
MET.A : 111.835 1.94655
MET.B : 109.728 2.55204
MET.E : 109.379 2.94016
MET.G : 112.921 2.55686
MET.O : 107.483 11.0349
PHE.A : 111.969 2.18797
PHE.B : 109.582 2.55912
PHE.E : 110.709 5.77723
PHE.G : 113.165 2.18524
PHE.O : 109.638 2.44867
PRO.A : 114.369 2.13156
PRO.B : 111.648 2.48168
PRO.E : 118.82 4.38
PRO.G : 116.517 4.62062
PRO.O : 110.139 4.77606
SER.A : 112.491 2.09992
SER.B : 110.081 2.53828
SER.E : 110.722 3.05314
SER.G : 113.035 2.39432
SER.O : 111.52 6.65228
THR.A : 112.14 2.20245
THR.B : 109.506 2.41927
THR.E : 113.029 5.88327
THR.G : 113.16 2.48089
THR.O : 111.378 5.10356
TRP.A : 112.097 2.24017
TRP.B : 109.729 2.62206
TRP.E : 110.255 1.9348
TRP.G : 113.448 2.85808
TRP.O : 108.567 3.98775
TYR.A : 112.168 2.20535
TYR.B : 109.781 2.51602
TYR.E : 111.27 5.32449
TYR.G : 113.15 2.38272
TYR.O : 109.592 3.09787
VAL.A : 111.227 2.02053
VAL.B : 108.821 2.45571
VAL.E : 111.696 2.67775
VAL.G : 111.987 2.65177
VAL.O : 109.806 5.74402
